682
abs	4	5	16	37	54
ace	10	2	9	17	24	28	38	40	42	45	283
act	7	1	8	11	20	22	26	32
add	7	4	5	6	7	12	21	428
ado	5	3	5	6	10	622
ads	7	0	3	4	6	16	37	538
adz	3	3	4	5
afd	4	3	8	12	21
aft	9	2	7	11	20	22	26	32	166	432
age	10	1	10	11	17	24	28	38	40	42	45
ago	4	4	9	11	168
agt	8	2	8	9	10	20	22	26	32
aid	14	3	7	13	14	15	16	21	62	135	202	328	354	382	513
ail	11	12	14	15	16	18	25	43	383	408	435	472
aim	10	12	13	15	16	31	138	267	409	515	639
air	7	12	13	14	16	206	357	550
ais	9	0	5	12	13	14	15	37	269	358
ale	11	1	9	18	19	20	24	28	38	40	42	45
all	8	13	17	19	20	25	43	172	286
alp	4	17	18	20	36
alt	10	2	8	11	17	18	19	22	26	32	555
and	6	3	7	12	22	23	177
ant	9	2	8	11	20	21	23	26	32	291
any	2	21	22
ape	11	1	9	17	25	26	28	38	40	42	45	438
apl	7	13	18	24	26	43	295	568
apt	9	2	8	11	20	22	24	25	32	439
arc	7	28	29	30	31	32	33	113
are	19	1	9	17	24	27	29	30	31	32	33	38	40	42	45	114	182	297	441	482
arg	8	27	28	30	31	32	33	41	442
ark	9	27	28	29	31	32	33	35	39	298
arm	7	14	27	28	29	30	32	33
art	13	2	8	11	20	22	26	27	28	29	30	31	33	612
aru	6	27	28	29	30	31	32
ash	3	35	36	37
ask	5	30	34	36	37	39
asp	6	19	34	35	37	147	571
ass	7	0	5	16	34	35	36	614
ate	8	1	9	17	24	28	40	42	45
auk	3	30	35	676
ave	11	1	9	17	24	28	38	41	42	45	186	305
avg	2	29	40
awe	12	1	9	17	24	28	38	40	43	44	45	187	447
awl	6	13	18	25	42	44	448
awn	3	42	43	449
aye	14	1	9	17	24	28	38	40	42	86	157	189	371	530	663
baa	9	47	48	49	50	51	52	53	68	76
bad	22	46	48	49	50	51	52	53	55	56	62	78	88	125	190	224	249	338	372	450	496	532	642
bag	21	46	47	49	50	51	52	53	58	63	71	79	191	225	250	308	339	400	497	533	583	643
ban	17	46	47	48	50	51	52	53	64	81	91	192	373	453	500	585	629	644
bar	18	46	47	48	49	51	52	53	82	93	158	193	310	375	424	455	587	630	645
bas	14	46	47	48	49	50	52	53	54	83	227	254	456	631	646
bat	21	46	47	48	49	50	51	53	59	65	84	94	159	194	255	376	425	457	502	535	588	632
bay	23	46	47	48	49	50	51	52	60	75	85	96	129	195	228	257	312	343	378	402	459	504	537	648
bbs	3	0	51	83
bcd	5	47	56	62	78	229
bed	13	47	55	57	58	59	60	62	78	259	345	505	650	678
bee	14	56	58	59	60	70	86	196	313	346	404	540	593	651	679
beg	11	48	56	57	59	60	63	71	79	325	347	463
bet	17	52	56	57	58	60	65	84	231	314	350	380	405	467	542	635	653	671
bey	9	53	56	57	58	59	75	85	199	327
bib	10	62	63	64	65	69	201	315	353	407	512
bid	15	12	47	55	56	61	63	64	65	78	135	202	328	354	382	513
big	16	48	58	61	62	64	65	71	79	137	204	233	316	471	514	547	656
bin	14	49	61	62	63	65	81	139	205	234	329	473	548	600	657
bit	16	52	59	61	62	63	64	84	207	270	331	359	411	475	551	602	658
blk	2	171	285
bnf	1	77
boa	11	46	69	70	71	72	73	74	75	76	332	361
bob	18	61	68	70	71	72	73	74	75	103	212	236	271	317	333	362	385	518	558
boe	15	57	68	69	71	72	73	74	75	86	141	213	273	521	603	659
bog	18	48	58	63	68	69	70	72	73	74	75	79	105	142	214	274	318	364	604
boo	13	68	69	70	71	73	74	75	108	238	388	606	661	681
bow	16	68	69	70	71	72	74	75	111	277	367	391	417	523	564	610	641
box	11	68	69	70	71	72	73	75	217	368	481	565
boy	14	53	60	68	69	70	71	72	73	74	85	112	320	566	611
bra	3	46	68	181
bsf	1	67
bud	14	47	55	56	62	79	80	81	82	83	84	85	119	150	395
bug	19	48	58	63	71	78	80	81	82	83	84	85	152	280	321	370	396	488	526	616
bum	14	78	79	81	82	83	84	85	154	243	281	397	419	527	576
bun	17	49	64	78	79	80	82	83	84	85	155	221	244	420	490	528	577	617
bur	11	50	78	79	80	81	83	84	85	122	222	445
bus	10	51	54	78	79	80	81	82	84	85	492
but	19	52	59	65	78	79	80	81	82	83	85	123	245	282	322	421	446	493	529	618
buy	11	53	60	75	78	79	80	81	82	83	84	246
bye	8	45	57	70	157	189	371	530	663
cab	17	88	89	90	91	92	93	94	95	96	103	118	124	223	307	336	398	582
cad	23	47	87	89	90	91	92	93	94	95	96	102	104	119	125	190	224	249	338	372	450	496	532	642
cai	11	87	88	90	91	92	93	94	95	96	101	116
cam	16	87	88	89	91	92	93	94	95	96	106	126	252	309	499	584	665
can	18	49	87	88	89	90	92	93	94	95	96	107	192	373	453	500	585	629	644
cap	22	87	88	89	90	91	93	94	95	96	109	121	127	226	253	340	374	401	454	501	534	586	666
car	21	50	87	88	89	90	91	92	94	95	96	99	122	158	193	310	375	424	455	587	630	645
cat	22	52	87	88	89	90	91	92	93	95	96	110	123	159	194	255	376	425	457	502	535	588	632
caw	22	87	88	89	90	91	92	93	94	96	97	111	117	128	256	311	341	377	458	503	536	589	667
cay	24	53	87	88	89	90	91	92	93	94	95	112	115	129	195	228	257	312	343	378	402	459	504	537	648
ccw	3	95	111	117
cdf	2	99	100
cdr	4	93	98	122	591
cif	1	98
cli	3	89	116	476
cmd	3	88	104	119
cob	21	69	87	104	105	106	107	108	109	110	111	112	118	212	236	271	317	333	362	385	518	558
cod	20	88	102	103	105	106	107	108	109	110	111	112	119	237	272	386	413	478	520	559	673
cog	16	71	103	104	106	107	108	109	110	111	112	142	214	274	318	364	604
com	11	90	103	104	105	107	108	109	110	111	112	387
con	17	91	103	104	105	106	108	109	110	111	112	143	180	293	561	605	660	674
coo	15	72	103	104	105	106	107	109	110	111	112	238	388	606	661	681
cop	19	92	103	104	105	106	107	108	110	111	112	121	215	275	334	365	389	479	562	607
cot	22	94	103	104	105	106	107	108	109	111	112	123	145	239	276	319	366	390	416	480	522	563	609
cow	21	73	95	97	103	104	105	106	107	108	109	110	112	117	277	367	391	417	523	564	610	641
coy	15	75	96	103	104	105	106	107	108	109	110	111	115	320	566	611
crc	3	27	114	115
cre	8	28	113	115	120	182	297	441	482
cry	9	96	112	113	114	146	220	484	613	662
csi	4	89	101	117	444
csw	5	95	97	111	116	485
cub	14	87	103	119	120	121	122	123	149	278	418	487	524	574	615
cud	11	78	88	102	104	118	120	121	122	123	150	395
cue	10	114	118	119	121	122	123	151	279	525	575
cup	9	92	109	118	119	120	122	123	491	578
cur	10	82	93	99	118	119	120	121	123	222	445
cut	16	84	94	110	118	119	120	121	122	245	282	322	421	446	493	529	618
dab	14	87	125	126	127	128	129	131	132	149	223	307	336	398	582
dad	18	47	88	124	126	127	128	129	135	150	190	224	249	338	372	450	496	532	642
dam	13	90	124	125	127	128	129	138	154	252	309	499	584	665
dap	18	92	124	125	126	128	129	140	147	226	253	340	374	401	454	501	534	586	666
daw	16	95	124	125	126	127	129	134	256	311	341	377	458	503	536	589	667
day	19	53	96	124	125	126	127	128	146	195	228	257	312	343	378	402	459	504	537	648
dca	1	131
dcb	6	124	130	132	149	161	258
deb	7	124	131	133	134	149	403	649
den	14	132	134	139	143	155	197	261	326	379	464	541	594	652	669
dew	10	128	132	133	198	264	381	406	468	543	672
did	14	12	62	125	136	137	138	139	140	150	202	328	354	382	513
die	15	135	137	138	139	140	141	151	157	203	232	266	355	470	599	638
dig	15	63	135	136	138	139	140	142	152	204	233	316	471	514	547	656
dim	12	14	126	135	136	137	139	140	154	267	409	515	639
din	16	64	133	135	136	137	138	140	143	155	205	234	329	473	548	600	657
dip	17	127	135	136	137	138	139	147	235	268	330	356	410	474	516	549	601	680
doe	13	70	136	142	143	144	145	151	157	213	273	521	603	659
dog	13	71	105	137	141	143	144	145	152	214	274	318	364	604
don	14	107	133	139	141	142	144	145	155	180	293	561	605	660	674
dos	7	141	142	143	145	294	335	415
dot	15	110	141	142	143	144	239	276	319	366	390	416	480	522	563	609
dry	6	115	129	220	484	613	662
dsp	5	36	127	140	148	571
dsr	1	147
dub	17	118	124	131	132	150	151	152	153	154	155	156	278	418	487	524	574	615
dud	12	78	119	125	135	149	151	152	153	154	155	156	395
due	14	120	136	141	149	150	152	153	154	155	156	157	279	525	575
dug	17	79	137	142	149	150	151	153	154	155	156	280	321	370	396	488	526	616
dui	7	149	150	151	152	154	155	156
dum	16	80	126	138	149	150	151	152	153	155	156	243	281	397	419	527	576
dun	18	81	133	139	143	149	150	151	152	153	154	156	221	244	420	490	528	577	617
duo	7	149	150	151	152	153	154	155
dye	9	45	86	136	141	151	189	371	530	663
ear	13	50	93	159	164	184	193	310	375	424	455	587	630	645
eat	13	52	94	158	166	194	255	376	425	457	502	535	588	632
ebb	1	161
ecb	4	131	160	162	258
eco	2	161	168
eel	4	164	165	172	507
eer	6	158	163	184	263	430	466
efl	3	163	166	172
eft	4	8	159	165	432
egg	1	168
ego	3	10	162	167
eke	4	182	186	187	189
elf	5	171	172	173	174	179
elk	5	66	170	172	173	285
ell	7	18	163	165	170	171	173	286
elm	3	170	171	172
emf	4	170	175	176	179
emp	5	174	176	188	287	624
emu	2	174	175
end	3	21	178	185
ens	1	177
eof	4	170	174	180	292
eon	9	107	143	179	183	293	561	605	660	674
era	4	76	182	183	184
ere	12	28	114	169	181	183	184	186	187	189	297	441	482
ern	5	180	181	182	184	628
err	5	158	164	181	182	183
esd	1	177
eve	6	40	169	182	187	189	305
ewe	6	42	169	182	186	189	447
exp	1	175
eye	10	45	86	157	169	182	186	187	371	530	663
fad	17	47	88	125	191	192	193	194	195	202	224	249	338	372	450	496	532	642
fag	17	48	190	192	193	194	195	204	214	225	250	308	339	400	497	533	583	643
fan	16	49	91	190	191	193	194	195	197	205	221	373	453	500	585	629	644
far	18	50	93	158	190	191	192	194	195	206	216	222	310	375	424	455	587	630	645
fat	18	52	94	159	190	191	192	193	195	207	211	255	376	425	457	502	535	588	632
fay	21	53	96	129	190	191	192	193	194	199	210	220	228	257	312	343	378	402	459	504	537	648
fee	14	57	197	198	199	200	203	213	313	346	404	540	593	651	679
fen	16	133	192	196	198	199	200	205	221	261	326	379	464	541	594	652	669
few	11	134	196	197	199	200	264	381	406	468	543	672
fey	9	60	195	196	197	198	200	210	220	327
fez	4	196	197	198	199
fib	13	61	202	203	204	205	206	207	208	212	315	353	407	512
fid	15	12	62	135	190	201	203	204	205	206	207	208	328	354	382	513
fie	16	136	196	201	202	204	205	206	207	208	213	232	266	355	470	599	638
fig	17	63	137	191	201	202	203	205	206	207	208	214	233	316	471	514	547	656
fin	18	64	139	192	197	201	202	203	204	206	207	208	221	234	329	473	548	600	657
fir	13	15	193	201	202	203	204	205	207	208	216	222	357	550
fit	18	65	194	201	202	203	204	205	206	208	211	270	331	359	411	475	551	602	658
fix	11	201	202	203	204	205	206	207	217	384	412	552
flu	2	210	623
fly	6	195	199	209	220	477	556
fmt	2	194	207
fob	16	69	103	201	213	214	215	216	217	236	271	317	333	362	385	518	558
foe	13	70	141	196	203	212	214	215	216	217	273	521	603	659
fog	14	71	105	142	191	204	212	213	215	216	217	274	318	364	604
fop	13	109	212	213	214	216	217	275	334	365	389	479	562	607
for	10	193	206	212	213	214	215	217	222	414	608
fox	10	74	208	212	213	214	215	216	368	481	565
fro	3	219	220	483
frs	3	218	220	241
fry	10	115	146	195	199	210	218	219	484	613	662
fun	12	81	155	192	197	205	222	244	420	490	528	577	617
fur	7	82	122	193	206	216	221	445
gab	12	87	124	224	225	226	227	228	236	307	336	398	582
gad	18	47	88	125	190	223	225	226	227	228	229	237	249	338	372	450	496	532	642
gag	16	48	191	223	224	226	227	228	233	250	308	339	400	497	533	583	643
gap	18	92	127	223	224	225	227	228	235	248	253	340	374	401	454	501	534	586	666
gas	11	51	223	224	225	226	228	241	254	456	631	646
gay	19	53	96	129	195	223	224	225	226	227	246	257	312	343	378	402	459	504	537	648
gcd	3	55	224	237
gem	5	231	243	247	260	508
get	13	59	230	239	245	314	350	380	405	467	542	635	653	671
gie	10	136	203	233	234	235	266	355	470	599	638
gig	12	63	137	204	225	232	234	235	316	471	514	547	656
gin	12	64	139	205	232	233	235	244	329	473	548	600	657
gip	15	140	226	232	233	234	248	268	330	356	410	474	516	549	601	680
gob	14	69	103	212	223	237	238	239	271	317	333	362	385	518	558
god	13	104	224	229	236	238	239	272	386	413	478	520	559	673
goo	9	72	108	236	237	239	388	606	661	681
got	16	110	145	231	236	237	238	245	276	319	366	390	416	480	522	563	609
grf	2	241	242
grs	4	219	227	240	242
grx	2	240	241
gum	12	80	154	230	244	245	246	247	281	397	419	527	576
gun	12	81	155	221	234	243	245	246	420	490	528	577	617
gut	14	84	123	231	239	243	244	246	282	322	421	446	493	529	618
guy	5	85	228	243	244	245
gym	4	230	243	248	580
gyp	3	226	235	247
had	21	47	88	125	190	224	250	251	252	253	254	255	256	257	259	272	338	372	450	496	532	642
hag	20	48	191	225	249	251	252	253	254	255	256	257	274	280	308	339	400	497	533	583	643
hah	10	249	250	252	253	254	255	256	257	451	498
ham	17	90	126	249	250	251	253	254	255	256	257	260	267	281	309	499	584	665
hap	22	92	127	226	249	250	251	252	254	255	256	257	262	268	275	340	374	401	454	501	534	586	666
has	14	51	227	249	250	251	252	253	255	256	257	269	456	631	646
hat	22	52	94	159	194	249	250	251	252	253	254	256	257	270	276	282	376	425	457	502	535	588	632
haw	20	95	128	249	250	251	252	253	254	255	257	264	277	311	341	377	458	503	536	589	667
hay	21	53	96	129	195	228	249	250	251	252	253	254	255	256	312	343	378	402	459	504	537	648
hcb	4	131	161	271	278
hed	13	56	249	260	261	262	263	264	265	272	345	505	650	678
hem	11	230	252	259	261	262	263	264	265	267	281	508
hen	15	133	197	259	260	262	263	264	265	326	379	464	541	594	652	669
hep	10	253	259	260	261	263	264	265	268	275	465
her	9	164	259	260	261	262	264	265	430	466
hew	15	134	198	256	259	260	261	262	263	265	277	381	406	468	543	672
hex	8	259	260	261	262	263	264	544	636
hie	13	136	203	232	267	268	269	270	273	279	355	470	599	638
him	12	14	138	252	260	266	268	269	270	281	409	515	639
hip	17	140	235	253	262	266	267	269	270	275	330	356	410	474	516	549	601	680
his	7	16	254	266	267	268	270	358
hit	16	65	207	255	266	267	268	269	276	282	331	359	411	475	551	602	658
hob	18	69	103	212	236	258	272	273	274	275	276	277	278	317	333	362	385	518	558
hod	16	104	237	249	259	271	273	274	275	276	277	386	413	478	520	559	673
hoe	14	70	141	213	266	271	272	274	275	276	277	279	521	603	659
hog	15	71	105	142	214	250	271	272	273	275	276	277	280	318	364	604
hop	17	109	215	253	262	268	271	272	273	274	276	277	334	365	389	479	562	607
hot	20	110	145	239	255	270	271	272	273	274	275	277	282	319	366	390	416	480	522	563	609
how	17	73	111	256	264	271	272	273	274	275	276	367	391	417	523	564	610	641
hub	13	118	149	258	271	279	280	281	282	418	487	524	574	615
hue	10	120	151	266	273	278	280	281	282	525	575
hug	14	79	152	250	274	278	279	281	282	321	370	396	488	526	616
hum	14	80	154	243	252	260	267	278	279	280	282	397	419	527	576
hut	16	84	123	245	255	270	276	278	279	280	281	322	421	446	493	529	618
ice	4	1	284	297	305
icy	2	283	306
ilk	5	66	171	286	289	298
ill	4	18	172	285	295
imp	2	175	624
ing	3	289	290	291
ink	5	285	288	290	291	298
inn	6	288	289	291	293	300	626
int	4	22	288	289	290
iof	3	179	293	294
ion	11	107	143	180	290	292	294	300	561	605	660	674
ios	7	144	292	293	296	304	335	415
ipl	4	25	286	296	568
ips	4	294	295	304	627
ire	8	28	114	182	283	298	305	441	482
irk	4	30	285	289	297
ism	3	300	301	302
isn	5	290	293	299	301	302
iso	3	299	300	302
isz	3	299	300	301
itd	1	304
its	4	294	296	303	393
ive	5	40	186	283	297	306
ivy	2	284	305
jab	13	87	124	223	308	309	310	311	312	315	317	336	398	582
jag	18	48	191	225	250	307	309	310	311	312	316	318	321	339	400	497	533	583	643
jam	11	90	126	252	307	308	310	311	312	499	584	665
jar	15	50	93	158	193	307	308	309	311	312	375	424	455	587	630	645
jaw	15	95	128	256	307	308	309	310	312	341	377	458	503	536	589	667
jay	19	53	96	129	195	228	257	307	308	309	310	311	320	343	378	402	459	504	537	648
jee	9	57	196	314	346	404	540	593	651	679
jet	13	59	231	313	319	322	350	380	405	467	542	635	653	671
jib	8	61	201	307	316	317	353	407	512
jig	12	63	137	204	233	308	315	318	321	471	514	547	656
job	15	69	103	212	236	271	307	315	318	319	320	333	362	385	518	558
jog	13	71	105	142	214	274	308	316	317	319	320	321	364	604
jot	16	110	145	239	276	314	317	318	320	322	366	390	416	480	522	563	609
joy	8	75	112	312	317	318	319	566	611
jug	12	79	152	280	308	316	318	322	370	396	488	526	616
jut	12	84	123	245	282	314	319	321	421	446	493	529	618
kaf	2	324	422
kef	5	323	325	326	327	506
keg	6	58	324	326	327	347	463
ken	13	133	197	261	324	325	327	329	379	464	541	594	652	669
key	5	60	199	324	325	326
kid	10	12	62	135	202	329	330	331	354	382	513
kin	12	64	139	205	234	326	328	330	331	473	548	600	657
kip	14	140	235	268	328	329	331	334	356	410	474	516	549	601	680
kit	12	65	207	270	328	329	330	359	411	475	551	602	658
koa	5	68	333	334	335	361
kob	13	69	103	212	236	271	317	332	334	335	362	385	518	558
kop	12	109	215	275	330	332	333	335	365	389	479	562	607
kos	6	144	294	332	333	334	415
lab	15	87	124	223	307	337	338	339	340	341	342	343	353	362	398	582
lac	9	336	338	339	340	341	342	343	363	531
lad	20	47	88	125	190	224	249	336	337	339	340	341	342	343	345	354	372	450	496	532	642
lag	20	48	191	225	250	308	336	337	338	340	341	342	343	347	364	370	400	497	533	583	643
lap	20	92	127	226	253	336	337	338	339	341	342	343	356	365	374	401	454	501	534	586	666
law	18	95	128	256	311	336	337	338	339	340	342	343	367	377	458	503	536	589	667
lax	12	336	337	338	339	340	341	343	368	590	634	647	677
lay	20	53	96	129	195	228	257	312	336	337	338	339	340	341	342	378	402	459	504	537	648
lea	13	345	346	347	348	349	350	351	352	361	462	539	592	668
led	15	56	259	338	344	346	347	348	349	350	351	352	354	505	650	678
lee	18	57	196	313	344	345	347	348	349	350	351	352	355	371	404	540	593	651	679
leg	14	58	325	339	344	345	346	348	349	350	351	352	364	370	463
lei	8	344	345	346	347	349	350	351	352
lek	8	344	345	346	347	348	350	351	352
let	20	59	231	314	344	345	346	347	348	349	351	352	359	366	380	405	467	542	635	653	671
leu	8	344	345	346	347	348	349	350	352
lev	9	344	345	346	347	348	349	350	351	510
lib	13	61	201	315	336	354	355	356	357	358	359	362	407	512
lid	15	12	62	135	202	328	338	345	353	355	356	357	358	359	382	513
lie	15	136	203	232	266	346	353	354	356	357	358	359	371	470	599	638
lip	18	140	235	268	330	340	353	354	355	357	358	359	365	410	474	516	549	601	680
lir	11	15	206	353	354	355	356	358	359	360	369	550
lis	8	16	269	353	354	355	356	357	359
lit	17	65	207	270	331	350	353	354	355	356	357	358	366	411	475	551	602	658
lnr	2	357	369
loa	10	68	332	344	362	363	364	365	366	367	368
lob	19	69	103	212	236	271	317	333	336	353	361	363	364	365	366	367	368	385	518	558
loc	9	337	361	362	364	365	366	367	368	519
log	17	71	105	142	214	274	318	339	347	361	362	363	365	366	367	368	370	604
lop	17	109	215	275	334	340	356	361	362	363	364	366	367	368	389	479	562	607
lot	20	110	145	239	276	319	350	359	361	362	363	364	365	367	368	390	416	480	522	563	609
low	17	73	111	277	341	361	362	363	364	365	366	368	391	417	523	564	610	641
lox	12	74	217	342	361	362	363	364	365	366	367	481	565
ltr	2	357	360
lug	11	79	152	280	321	339	347	364	396	488	526	616
lye	8	45	86	157	189	346	355	530	663
mad	20	47	88	125	190	224	249	338	373	374	375	376	377	378	382	386	395	450	496	532	642
man	15	49	91	192	372	374	375	376	377	378	379	453	500	585	629	644
map	18	92	127	226	253	340	372	373	375	376	377	378	389	401	454	501	534	586	666
mar	16	50	93	158	193	310	372	373	374	376	377	378	424	455	587	630	645
mat	19	52	94	159	194	255	372	373	374	375	377	378	380	390	425	457	502	535	588	632
maw	18	95	128	256	311	341	372	373	374	375	376	378	381	391	458	503	536	589	667
may	19	53	96	129	195	228	257	312	343	372	373	374	375	376	377	402	459	504	537	648
men	12	133	197	261	326	373	380	381	464	541	594	652	669
met	14	59	231	314	350	376	379	381	390	405	467	542	635	653	671
mew	11	134	198	264	377	379	380	391	406	468	543	672
mid	12	12	62	135	202	328	354	372	383	384	386	395	513
mil	6	13	382	384	408	435	472
mix	6	208	382	383	394	412	552
mob	17	69	103	212	236	271	317	333	362	386	387	388	389	390	391	392	518	558
mod	17	104	237	272	372	382	385	387	388	389	390	391	395	413	478	520	559	673
mom	8	106	385	386	388	389	390	391	397
moo	12	72	108	238	385	386	387	389	390	391	606	661	681
mop	15	109	215	275	334	365	374	385	386	387	388	390	391	479	562	607
mot	19	110	145	239	276	319	366	376	380	385	386	387	388	389	391	416	480	522	563	609
mow	17	73	111	277	367	377	381	385	386	387	388	389	390	417	523	564	610	641
mpb	1	385
mts	2	304	394
mtx	2	384	393
mud	8	78	119	150	372	382	386	396	397
mug	10	79	152	280	321	370	395	397	488	526	616
mum	10	80	154	243	281	387	395	396	419	527	576
nab	13	87	124	223	307	336	399	400	401	402	403	407	418	582
nae	5	398	400	401	402	404
nag	14	48	191	225	250	308	339	398	399	401	402	497	533	583	643
nap	16	92	127	226	253	340	374	398	399	400	402	410	454	501	534	586	666
nay	17	53	96	129	195	228	257	312	343	378	398	399	400	401	459	504	537	648
neb	8	132	398	404	405	406	407	418	649
nee	12	57	196	313	346	399	403	405	406	540	593	651	679
net	16	59	231	314	350	380	403	404	406	411	416	421	467	542	635	653	671
new	11	134	198	264	381	403	404	405	417	468	543	672
nib	13	61	201	315	353	398	403	408	409	410	411	412	418	512
nil	9	13	383	407	409	410	411	412	435	472
nim	11	14	138	267	407	408	410	411	412	419	515	639
nip	16	140	235	268	330	356	401	407	408	409	411	412	474	516	549	601	680
nit	17	65	207	270	331	359	405	407	408	409	410	412	416	421	475	551	602	658
nix	8	208	384	407	408	409	410	411	552
nod	12	104	237	272	386	414	415	416	417	478	520	559	673
nor	6	216	413	415	416	417	608
nos	7	144	294	335	413	414	416	417
not	18	110	145	239	276	319	366	390	405	411	413	414	415	417	421	480	522	563	609
now	14	73	111	277	367	391	406	413	414	415	416	523	564	610	641
nub	13	118	149	278	398	403	407	419	420	421	487	524	574	615
num	11	80	154	243	281	397	409	418	420	421	527	576
nun	11	81	155	221	244	418	419	421	490	528	577	617
nut	15	84	123	245	282	322	405	411	416	418	419	420	446	493	529	618
oaf	5	323	423	424	425	431
oak	4	422	424	425	664
oar	15	50	93	158	193	310	375	422	423	425	430	445	455	587	630	645
oat	17	52	94	159	194	255	376	422	423	424	432	439	446	457	502	535	588	632
obi	2	427	444
obj	1	426
odd	3	3	429	436
ode	5	428	437	438	441	447
oer	5	164	263	424	445	466
off	2	422	432
oft	6	8	166	425	431	439	446
ohm	1	434
ohs	1	433
oil	6	13	383	408	443	448	472
old	2	428	517
one	4	429	438	441	447
ope	6	24	429	437	439	441	447
opt	5	26	425	432	438	446
orb	3	441	442	443
ore	12	28	114	182	297	429	437	438	440	442	443	447	482
org	4	29	440	441	443
orl	5	435	440	441	442	448
osi	2	116	426
our	6	82	122	222	424	430	446
out	13	84	123	245	282	322	421	425	432	439	445	493	529	618
owe	8	42	187	429	437	438	441	448	449
owl	5	43	435	443	447	449
own	3	44	447	448
pad	21	47	88	125	190	224	249	338	372	451	452	453	454	455	456	457	458	459	478	496	532	642
pah	11	251	450	452	453	454	455	456	457	458	459	498
pal	11	450	451	453	454	455	456	457	458	459	472	489
pan	21	49	91	192	373	450	451	452	454	455	456	457	458	459	461	464	473	490	500	585	629	644
pap	24	92	127	226	253	340	374	401	450	451	452	453	455	456	457	458	459	465	474	479	491	501	534	586	666
par	20	50	93	158	193	310	375	424	450	451	452	453	454	456	457	458	459	466	587	630	645
pas	15	51	227	254	450	451	452	453	454	455	457	458	459	492	631	646
pat	25	52	94	159	194	255	376	425	450	451	452	453	454	455	456	458	459	467	475	480	486	493	502	535	588	632
paw	21	95	128	256	311	341	377	450	451	452	453	454	455	456	457	459	468	485	503	536	589	667
pay	24	53	96	129	195	228	257	312	343	378	402	450	451	452	453	454	455	456	457	458	477	484	504	537	648
pbx	3	469	481	495
pdn	4	453	464	473	490
pea	11	344	463	464	465	466	467	468	494	539	592	668
peg	11	58	325	347	462	464	465	466	467	468	471	488
pen	19	133	197	261	326	379	453	461	462	463	465	466	467	468	473	490	541	594	652	669
pep	11	262	454	462	463	464	466	467	468	474	479	491
per	10	164	263	430	455	462	463	464	465	467	468
pet	21	59	231	314	350	380	405	457	462	463	464	465	466	468	475	480	486	493	542	635	653	671
pew	15	134	198	264	381	406	458	462	463	464	465	466	467	485	543	672
pfx	3	460	481	495
pie	13	136	203	232	266	355	471	472	473	474	475	482	599	638
pig	15	63	137	204	233	316	463	470	472	473	474	475	488	514	547	656
pil	11	13	383	408	435	452	470	471	473	474	475	489
pin	17	64	139	205	234	329	453	461	464	470	471	472	474	475	490	548	600	657
pip	19	140	235	268	330	356	410	454	465	470	471	472	473	475	479	491	516	549	601	680
pit	19	65	207	270	331	359	411	457	467	470	471	472	473	474	480	486	493	551	602	658
pli	2	101	477
ply	5	210	459	476	484	556
pod	12	104	237	272	386	413	450	479	480	481	520	559	673
pop	15	109	215	275	334	365	389	454	465	474	478	480	481	491	562	607
pot	19	110	145	239	276	319	366	390	416	457	467	475	478	479	481	486	493	522	563	609
pox	10	74	217	368	460	469	478	479	480	495	565
pre	8	28	114	182	297	441	470	483	484
pro	3	218	482	484
pry	9	115	146	220	459	477	482	483	613	662
psw	3	117	458	468
ptt	5	457	467	475	480	493
pub	13	118	149	278	418	488	489	490	491	492	493	524	574	615
pug	16	79	152	280	321	370	396	463	471	487	489	490	491	492	493	526	616
pul	8	452	472	487	488	490	491	492	493
pun	18	81	155	221	244	420	453	461	464	473	487	488	489	491	492	493	528	577	617
pup	12	121	454	465	474	479	487	488	489	490	492	493	578
pus	8	83	456	487	488	489	490	491	493
put	20	84	123	245	282	322	421	446	457	467	475	480	486	487	488	489	490	491	492	529	618
pya	2	462	495
pyx	4	460	469	481	494
rad	23	47	88	125	190	224	249	338	372	450	497	498	499	500	501	502	503	504	505	513	517	520	532	642
rag	20	48	191	225	250	308	339	400	496	498	499	500	501	502	503	504	514	526	533	583	643
rah	10	251	451	496	497	499	500	501	502	503	504
ram	17	90	126	252	309	496	497	498	500	501	502	503	504	508	515	527	584	665
ran	17	49	91	192	373	453	496	497	498	499	501	502	503	504	528	585	629	644
rap	20	92	127	226	253	340	374	401	454	496	497	498	499	500	502	503	504	516	534	586	666
rat	21	52	94	159	194	255	376	425	457	496	497	498	499	500	501	503	504	522	529	535	588	632
raw	19	95	128	256	311	341	377	458	496	497	498	499	500	501	502	504	523	536	589	667
ray	21	53	96	129	195	228	257	312	343	378	402	459	496	497	498	499	500	501	502	503	537	648
red	14	56	259	345	496	506	507	508	509	510	513	517	520	650	678
ref	6	324	505	507	508	509	510
rel	6	163	505	506	508	509	510
rem	10	230	260	499	505	506	507	509	510	515	527
res	7	505	506	507	508	510	511	670
rev	6	352	505	506	507	508	509
rfs	1	509
rib	11	61	201	315	353	407	513	514	515	516	518	524
rid	15	12	62	135	202	328	354	382	496	505	512	514	515	516	517	520
rig	14	63	137	204	233	316	471	497	512	513	515	516	526	547	656
rim	12	14	138	267	409	499	508	512	513	514	516	527	639
rip	15	140	235	268	330	356	410	474	501	512	513	514	515	549	601	680
rld	5	436	496	505	513	520
rob	17	69	103	212	236	271	317	333	362	385	512	519	520	521	522	523	524	558
roc	6	363	518	520	521	522	523
rod	17	104	237	272	386	413	478	496	505	513	517	518	519	521	522	523	559	673
roe	13	70	141	213	273	518	519	520	522	523	525	530	603	659
rot	18	110	145	239	276	319	366	390	416	480	502	518	519	520	521	523	529	563	609
row	15	73	111	277	367	391	417	503	518	519	520	521	522	564	610	641
rub	14	118	149	278	418	487	512	518	525	526	527	528	529	574	615
rue	11	120	151	279	521	524	526	527	528	529	530	575
rug	15	79	152	280	321	370	396	488	497	514	524	525	527	528	529	616
rum	15	80	154	243	281	397	419	499	508	515	524	525	526	528	529	576
run	14	81	155	221	244	420	490	500	524	525	526	527	529	577	617
rut	16	84	123	245	282	322	421	446	493	502	522	524	525	526	527	528	618
rye	8	45	86	157	189	371	521	525	663
sac	8	337	532	533	534	535	536	537	579
sad	18	47	88	125	190	224	249	338	372	450	496	531	533	534	535	536	537	559	642
sag	17	48	191	225	250	308	339	400	497	531	532	534	535	536	537	547	583	643
sap	22	92	127	226	253	340	374	401	454	501	531	532	533	535	536	537	549	562	569	571	578	586	666
sat	21	52	94	159	194	255	376	425	457	502	531	532	533	534	536	537	542	551	555	563	588	632
saw	18	95	128	256	311	341	377	458	503	531	532	533	534	535	537	543	564	589	667
say	25	53	96	129	195	228	257	312	343	378	402	459	504	531	532	533	534	535	536	546	554	556	566	570	573	648
sds	1	5
sea	10	344	462	540	541	542	543	544	567	592	668
see	15	57	196	313	346	404	539	541	542	543	544	545	575	593	651	679
sen	18	133	197	261	326	379	464	539	540	542	543	544	548	561	577	581	594	652	669
set	19	59	231	314	350	380	405	467	535	539	540	541	543	544	551	555	563	635	653	671
sew	14	134	198	264	381	406	468	536	539	540	541	542	544	564	672
sex	9	265	539	540	541	542	543	552	565	636
she	4	540	546	575	595
shy	9	537	545	554	556	566	570	573	597	655
sig	14	63	137	204	233	316	471	514	533	548	549	550	551	552	656
sin	17	64	139	205	234	329	473	541	547	549	550	551	552	561	577	581	600	657
sip	20	140	235	268	330	356	410	474	516	534	547	548	550	551	552	562	569	571	578	601	680
sir	8	15	206	357	547	548	549	551	552
sit	18	65	207	270	331	359	411	475	535	542	547	548	549	550	552	555	563	602	658
six	10	208	384	412	544	547	548	549	550	551	565
ski	1	554
sky	7	537	546	553	556	566	570	573
slt	6	20	535	542	551	556	563
sly	9	210	477	537	546	554	555	566	570	573
sml	2	560	568
sob	19	69	103	212	236	271	317	333	362	385	518	559	560	561	562	563	564	565	566	574
sod	17	104	237	272	386	413	478	520	532	558	560	561	562	563	564	565	566	673
sol	11	557	558	559	561	562	563	564	565	566	568	640
son	19	107	143	180	293	541	548	558	559	560	562	563	564	565	566	577	581	605	660	674
sop	21	109	215	275	334	365	389	479	534	549	558	559	560	561	563	564	565	566	569	571	578	607
sot	23	110	145	239	276	319	366	390	416	480	522	535	542	551	555	558	559	560	561	562	564	565	566	609
sow	19	73	111	277	367	391	417	523	536	543	558	559	560	561	562	563	565	566	610	641
sox	14	74	217	368	481	544	552	558	559	560	561	562	563	564	566
soy	18	75	112	320	537	546	554	556	558	559	560	561	562	563	564	565	570	573	611
spa	4	539	568	569	570
spl	7	25	295	557	560	567	569	570
spp	8	534	549	562	567	568	570	571	578
spy	9	537	546	554	556	566	567	568	569	573
ssp	7	36	147	534	549	562	569	578
stm	3	573	576	580
sty	7	537	546	554	556	566	570	572
sub	12	118	149	278	418	487	524	558	575	576	577	578	615
sue	10	120	151	279	525	540	545	574	576	577	578
sum	13	80	154	243	281	397	419	527	572	574	575	577	578	580
sun	16	81	155	221	244	420	490	528	541	548	561	574	575	576	578	581	617
sup	11	121	491	534	549	562	569	571	574	575	576	577
svc	1	531
sym	4	247	572	576	581
syn	5	541	548	561	577	580
tab	15	87	124	223	307	336	398	583	584	585	586	587	588	589	590	615
tag	20	48	191	225	250	308	339	400	497	533	582	584	585	586	587	588	589	590	604	616	643
tam	14	90	126	252	309	499	582	583	585	586	587	588	589	590	665
tan	20	49	91	192	373	453	500	582	583	584	586	587	588	589	590	594	600	605	617	629	644
tap	21	92	127	226	253	340	374	401	454	501	534	582	583	584	585	587	588	589	590	601	607	666
tar	20	50	93	158	193	310	375	424	455	582	583	584	585	586	588	589	590	591	608	630	645
tat	24	52	94	159	194	255	376	425	457	502	535	582	583	584	585	586	587	589	590	602	609	612	618	621	632
taw	19	95	128	256	311	341	377	458	503	536	582	583	584	585	586	587	588	590	610	667
tax	13	342	582	583	584	585	586	587	588	589	619	634	647	677
tdr	3	99	587	608
tea	6	344	462	539	593	594	668
tee	13	57	196	313	346	404	540	592	594	595	599	603	651	679
ten	15	133	197	261	326	379	464	541	585	592	593	600	605	617	652	669
the	6	545	593	596	597	599	603
tho	5	595	597	606	620	654
thy	6	546	595	596	611	613	655
tic	4	599	600	601	602
tie	14	136	203	232	266	355	470	593	595	598	600	601	602	603	638
tin	16	64	139	205	234	329	473	548	585	594	598	599	601	602	605	617	657
tip	16	140	235	268	330	356	410	474	516	549	586	598	599	600	602	607	680
tit	18	65	207	270	331	359	411	475	551	588	598	599	600	601	609	612	618	621	658
toe	17	70	141	213	273	521	593	595	599	604	605	606	607	608	609	610	611	659
tog	17	71	105	142	214	274	318	364	583	603	605	606	607	608	609	610	611	616
ton	19	107	143	180	293	561	585	594	600	603	604	606	607	608	609	610	611	617	660	674
too	16	72	108	238	388	596	603	604	605	607	608	609	610	611	620	661	681
top	18	109	215	275	334	365	389	479	562	586	601	603	604	605	606	608	609	610	611
tor	12	216	414	587	591	603	604	605	606	607	609	610	611
tot	24	110	145	239	276	319	366	390	416	480	522	563	588	602	603	604	605	606	607	608	610	611	612	618	621
tow	18	73	111	277	367	391	417	523	564	589	603	604	605	606	607	608	609	611	641
toy	14	75	112	320	566	597	603	604	605	606	607	608	609	610	613
trt	7	32	588	602	609	613	618	621
try	8	115	146	220	484	597	611	612	662
tss	1	37
tub	12	118	149	278	418	487	524	574	582	616	617	618	619
tug	14	79	152	280	321	370	396	488	526	583	604	615	617	618	619
tun	16	81	155	221	244	420	490	528	577	585	594	600	605	615	616	618	619
tut	18	84	123	245	282	322	421	446	493	529	588	602	609	612	615	616	617	619	621
tux	5	590	615	616	617	618
two	2	596	606
txt	5	588	602	609	612	618
udo	1	4
ulu	1	209
ump	2	175	287
unl	1	626
unn	3	290	625	628
ups	1	296
urn	2	183	626
van	13	49	91	192	373	453	500	585	630	631	632	633	634	644
var	15	50	93	158	193	310	375	424	455	587	629	631	632	633	634	645
vas	10	51	227	254	456	629	630	632	633	634	646
vat	17	52	94	159	194	255	376	425	457	502	535	588	629	630	631	633	634	635
vav	5	629	630	631	632	634
vax	10	342	590	629	630	631	632	633	636	647	677
vet	12	59	231	314	350	380	405	467	542	632	636	653	671
vex	4	265	544	634	635
via	2	638	639
vie	9	136	203	232	266	355	470	599	637	639
vim	7	14	138	267	409	515	637	638
vol	2	560	641
vow	10	73	111	277	367	391	417	523	564	610	640
wad	18	47	88	125	190	224	249	338	372	450	496	532	643	644	645	646	647	648	650
wag	17	48	191	225	250	308	339	400	497	533	583	642	644	645	646	647	648	656
wan	17	49	91	192	373	453	500	585	629	642	643	645	646	647	648	652	657	660
war	16	50	93	158	193	310	375	424	455	587	630	642	643	644	646	647	648
was	11	51	227	254	456	631	642	643	644	645	647	648
wax	10	342	590	634	642	643	644	645	646	648	677
way	21	53	96	129	195	228	257	312	343	378	402	459	504	537	642	643	644	645	646	647	655	662
web	6	132	403	650	651	652	653
wed	10	56	259	345	505	642	649	651	652	653	678
wee	14	57	196	313	346	404	540	593	649	650	652	653	659	663	679
wen	16	133	197	261	326	379	464	541	594	644	649	650	651	653	657	660	669
wet	15	59	231	314	350	380	405	467	542	635	649	650	651	652	658	671
who	3	596	655	661
why	5	546	597	648	654	662
wig	11	63	137	204	233	316	471	514	547	643	657	658
win	13	64	139	205	234	329	473	548	600	644	652	656	658	660
wit	12	65	207	270	331	359	411	475	551	602	653	656	657
woe	10	70	141	213	273	521	603	651	660	661	663
won	12	107	143	180	293	561	605	644	652	657	659	661	674
woo	9	72	108	238	388	606	654	659	660	681
wry	7	115	146	220	484	613	648	655
wye	8	45	86	157	189	371	530	651	659
yak	5	423	665	666	667	676
yam	9	90	126	252	309	499	584	664	666	667
yap	14	92	127	226	253	340	374	401	454	501	534	586	664	665	667
yaw	14	95	128	256	311	341	377	458	503	536	589	664	665	666	672
yea	8	344	462	539	592	669	670	671	672
yen	14	133	197	261	326	379	464	541	594	652	668	670	671	672	674
yes	5	509	668	669	671	672
yet	14	59	231	314	350	380	405	467	542	635	653	668	669	670	672
yew	12	134	198	264	381	406	468	543	667	668	669	670	671
yod	10	104	237	272	386	413	478	520	559	674	675
yon	10	107	143	180	293	561	605	660	669	673	675
you	2	673	674
yuk	2	39	664
zax	4	342	590	634	647
zed	6	56	259	345	505	650	679
zee	9	57	196	313	346	404	540	593	651	678
zip	10	140	235	268	330	356	410	474	516	549	601
zoo	6	72	108	238	388	606	661
