57
ad	6	1	2	3	4	5	18
am	7	0	2	3	4	5	20	25
an	7	0	1	3	4	5	21	34
as	28	0	1	2	4	5	7	9	11	12	13	15	17	22	24	27	32	36	41	42	43	45	47	49	50	52	53	55	56
at	6	0	1	2	3	5	23
ax	6	0	1	2	3	4	37
be	6	7	8	16	29	51	54
bs	25	3	6	8	9	11	12	13	15	17	22	24	27	32	36	41	42	43	45	47	49	50	52	53	55	56
by	3	6	7	30
cs	23	3	7	11	12	13	15	17	22	24	27	32	36	41	42	43	45	47	49	50	52	53	55	56
do	6	11	14	26	31	44	46
ds	24	3	7	9	10	12	13	15	17	22	24	27	32	36	41	42	43	45	47	49	50	52	53	55	56
es	23	3	7	9	11	13	15	17	22	24	27	32	36	41	42	43	45	47	49	50	52	53	55	56
fs	23	3	7	9	11	12	15	17	22	24	27	32	36	41	42	43	45	47	49	50	52	53	55	56
go	6	10	15	26	31	44	46
gs	24	3	7	9	11	12	13	14	17	22	24	27	32	36	41	42	43	45	47	49	50	52	53	55	56
he	5	6	17	29	51	54
hs	24	3	7	9	11	12	13	15	16	22	24	27	32	36	41	42	43	45	47	49	50	52	53	55	56
id	6	0	19	20	21	22	23
if	6	18	20	21	22	23	33
im	7	1	18	19	21	22	23	25
in	7	2	18	19	20	22	23	34
is	28	3	7	9	11	12	13	15	17	18	19	20	21	23	24	27	32	36	41	42	43	45	47	49	50	52	53	55	56
it	6	4	18	19	20	21	22
js	23	3	7	9	11	12	13	15	17	22	27	32	36	41	42	43	45	47	49	50	52	53	55	56
km	2	1	20
lo	6	10	14	27	31	44	46
ls	24	3	7	9	11	12	13	15	17	22	24	26	32	36	41	42	43	45	47	49	50	52	53	55	56
ma	3	29	30	38
me	6	6	16	28	30	51	54
my	3	8	28	29
no	6	10	14	26	32	44	46
ns	24	3	7	9	11	12	13	15	17	22	24	27	31	36	41	42	43	45	47	49	50	52	53	55	56
of	5	19	34	35	36	37
on	6	2	21	33	35	36	37
or	4	33	34	36	37
os	27	3	7	9	11	12	13	15	17	22	24	27	32	33	34	35	37	41	42	43	45	47	49	50	52	53	55	56
ox	5	5	33	34	35	36
pa	4	28	39	40	41
pc	3	38	40	41
pi	3	38	39	41
ps	26	3	7	9	11	12	13	15	17	22	24	27	32	36	38	39	40	42	43	45	47	49	50	52	53	55	56
qs	23	3	7	9	11	12	13	15	17	22	24	27	32	36	41	43	45	47	49	50	52	53	55	56
rs	23	3	7	9	11	12	13	15	17	22	24	27	32	36	41	42	45	47	49	50	52	53	55	56
so	6	10	14	26	31	45	46
ss	24	3	7	9	11	12	13	15	17	22	24	27	32	36	41	42	43	44	47	49	50	52	53	55	56
to	6	10	14	26	31	44	47
ts	24	3	7	9	11	12	13	15	17	22	24	27	32	36	41	42	43	45	46	49	50	52	53	55	56
up	1	49
us	24	3	7	9	11	12	13	15	17	22	24	27	32	36	41	42	43	45	47	48	50	52	53	55	56
vs	23	3	7	9	11	12	13	15	17	22	24	27	32	36	41	42	43	45	47	49	52	53	55	56
we	5	6	16	29	52	54
ws	24	3	7	9	11	12	13	15	17	22	24	27	32	36	41	42	43	45	47	49	50	51	53	55	56
xs	23	3	7	9	11	12	13	15	17	22	24	27	32	36	41	42	43	45	47	49	50	52	55	56
ye	5	6	16	29	51	55
ys	24	3	7	9	11	12	13	15	17	22	24	27	32	36	41	42	43	45	47	49	50	52	53	54	56
zs	23	3	7	9	11	12	13	15	17	22	24	27	32	36	41	42	43	45	47	49	50	52	53	55
